2	1018.1
2.001	1017.84
2.002	1017.58
2.003	1017.32
2.004	1017.06
2.005	1016.8
2.006	1016.54
2.007	1016.28
2.008	1016.03
2.009	1015.77
2.01	1015.51
2.011	1015.25
2.012	1015
2.013	1014.74
2.014	1014.48
2.015	1014.23
2.016	1013.97
2.017	1013.72
2.018	1013.46
2.019	1013.21
2.02	1012.95
2.021	1012.7
2.022	1012.45
2.023	1012.19
2.024	1011.94
2.025	1011.69
2.026	1011.44
2.027	1011.19
2.028	1010.94
2.029	1010.68
2.03	1010.43
2.031	1010.18
2.032	1009.93
2.033	1009.68
2.034	1009.44
2.035	1009.19
2.036	1008.94
2.037	1008.69
2.038	1008.44
2.039	1008.2
2.04	1007.95
2.041	1007.7
2.042	1007.46
2.043	1007.21
2.044	1006.97
2.045	1006.72
2.046	1006.48
2.047	1006.23
2.048	1005.99
2.049	1005.74
2.05	1005.5
2.051	1005.26
2.052	1005.01
2.053	1004.77
2.054	1004.53
2.055	1004.29
2.056	1004.05
2.057	1003.81
2.058	1003.57
2.059	1003.32
2.06	1003.08
2.061	1002.85
2.062	1002.61
2.063	1002.37
2.064	1002.13
2.065	1001.89
2.066	1001.65
2.067	1001.41
2.068	1001.18
2.069	1000.94
2.07	1000.7
2.071	1000.47
2.072	1000.23
2.073	999.997
2.074	999.762
2.075	999.527
2.076	999.292
2.077	999.058
2.078	998.824
2.079	998.591
2.08	998.358
2.081	998.125
2.082	997.893
2.083	997.66
2.084	997.429
2.085	997.197
2.086	996.966
2.087	996.735
2.088	996.505
2.089	996.275
2.09	996.045
2.091	995.816
2.092	995.586
2.093	995.358
2.094	995.129
2.095	994.901
2.096	994.673
2.097	994.446
2.098	994.219
2.099	993.992
2.1	993.766
2.101	993.539
2.102	993.314
2.103	993.088
2.104	992.863
2.105	992.638
2.106	992.414
2.107	992.19
2.108	991.966
2.109	991.742
2.11	991.519
2.111	991.296
2.112	991.074
2.113	990.852
2.114	990.63
2.115	990.408
2.116	990.187
2.117	989.966
2.118	989.746
2.119	989.525
2.12	989.306
2.121	989.086
2.122	988.867
2.123	988.648
2.124	988.429
2.125	988.211
2.126	987.993
2.127	987.775
2.128	987.558
2.129	987.341
2.13	987.124
2.131	986.908
2.132	986.692
2.133	986.476
2.134	986.261
2.135	986.046
2.136	985.831
2.137	985.617
2.138	985.403
2.139	985.189
2.14	984.975
2.141	984.762
2.142	984.549
2.143	984.337
2.144	984.125
2.145	983.913
2.146	983.701
2.147	983.49
2.148	983.279
2.149	983.068
2.15	982.858
2.151	982.648
2.152	982.438
2.153	982.229
2.154	982.02
2.155	981.811
2.156	981.603
2.157	981.395
2.158	981.187
2.159	980.98
2.16	980.772
2.161	980.566
2.162	980.359
2.163	980.153
2.164	979.947
2.165	979.741
2.166	979.536
2.167	979.331
2.168	979.126
2.169	978.922
2.17	978.718
2.171	978.514
2.172	978.311
2.173	978.108
2.174	977.905
2.175	977.702
2.176	977.5
2.177	977.298
2.178	977.097
2.179	976.895
2.18	976.695
2.181	976.494
2.182	976.293
2.183	976.093
2.184	975.894
2.185	975.694
2.186	975.495
2.187	975.296
2.188	975.098
2.189	974.9
2.19	974.702
2.191	974.504
2.192	974.307
2.193	974.11
2.194	973.913
2.195	973.717
2.196	973.521
2.197	973.325
2.198	973.129
2.199	972.934
2.2	972.739
2.201	972.545
2.202	972.35
2.203	972.157
2.204	971.963
2.205	971.769
2.206	971.576
2.207	971.384
2.208	971.191
2.209	970.999
2.21	970.807
2.211	970.616
2.212	970.424
2.213	970.233
2.214	970.043
2.215	969.852
2.216	969.662
2.217	969.472
2.218	969.283
2.219	969.094
2.22	968.905
2.221	968.716
2.222	968.528
2.223	968.34
2.224	968.152
2.225	967.965
2.226	967.777
2.227	967.591
2.228	967.404
2.229	967.218
2.23	967.032
2.231	966.846
2.232	966.661
2.233	966.476
2.234	966.291
2.235	966.106
2.236	965.922
2.237	965.738
2.238	965.555
2.239	965.371
2.24	965.188
2.241	965.006
2.242	964.823
2.243	964.641
2.244	964.459
2.245	964.278
2.246	964.096
2.247	963.915
2.248	963.734
2.249	963.554
2.25	963.374
2.251	963.194
2.252	963.014
2.253	962.835
2.254	962.656
2.255	962.478
2.256	962.299
2.257	962.121
2.258	961.943
2.259	961.766
2.26	961.588
2.261	961.411
2.262	961.235
2.263	961.058
2.264	960.882
2.265	960.706
2.266	960.531
2.267	960.355
2.268	960.18
2.269	960.006
2.27	959.831
2.271	959.657
2.272	959.483
2.273	959.31
2.274	959.136
2.275	958.963
2.276	958.791
2.277	958.618
2.278	958.446
2.279	958.274
2.28	958.102
2.281	957.931
2.282	957.76
2.283	957.589
2.284	957.419
2.285	957.249
2.286	957.079
2.287	956.909
2.288	956.74
2.289	956.57
2.29	956.402
2.291	956.233
2.292	956.065
2.293	955.897
2.294	955.729
2.295	955.562
2.296	955.395
2.297	955.228
2.298	955.061
2.299	954.895
2.3	954.729
2.301	954.563
2.302	954.397
2.303	954.232
2.304	954.067
2.305	953.903
2.306	953.738
2.307	953.574
2.308	953.41
2.309	953.247
2.31	953.083
2.311	952.92
2.312	952.757
2.313	952.595
2.314	952.433
2.315	952.271
2.316	952.109
2.317	951.948
2.318	951.787
2.319	951.626
2.32	951.465
2.321	951.305
2.322	951.145
2.323	950.985
2.324	950.826
2.325	950.666
2.326	950.507
2.327	950.349
2.328	950.19
2.329	950.032
2.33	949.874
2.331	949.717
2.332	949.559
2.333	949.402
2.334	949.245
2.335	949.089
2.336	948.933
2.337	948.777
2.338	948.621
2.339	948.465
2.34	948.31
2.341	948.155
2.342	948
2.343	947.846
2.344	947.692
2.345	947.538
2.346	947.384
2.347	947.231
2.348	947.078
2.349	946.925
2.35	946.773
2.351	946.62
2.352	946.468
2.353	946.317
2.354	946.165
2.355	946.014
2.356	945.863
2.357	945.712
2.358	945.562
2.359	945.411
2.36	945.262
2.361	945.112
2.362	944.962
2.363	944.813
2.364	944.664
2.365	944.516
2.366	944.367
2.367	944.219
2.368	944.072
2.369	943.924
2.37	943.777
2.371	943.63
2.372	943.483
2.373	943.336
2.374	943.19
2.375	943.044
2.376	942.898
2.377	942.753
2.378	942.607
2.379	942.462
2.38	942.318
2.381	942.173
2.382	942.029
2.383	941.885
2.384	941.741
2.385	941.598
2.386	941.455
2.387	941.312
2.388	941.169
2.389	941.027
2.39	940.884
2.391	940.743
2.392	940.601
2.393	940.459
2.394	940.318
2.395	940.177
2.396	940.037
2.397	939.896
2.398	939.756
2.399	939.616
2.4	939.477
2.401	939.337
2.402	939.198
2.403	939.059
2.404	938.921
2.405	938.782
2.406	938.644
2.407	938.506
2.408	938.369
2.409	938.231
2.41	938.094
2.411	937.958
2.412	937.821
2.413	937.685
2.414	937.548
2.415	937.413
2.416	937.277
2.417	937.142
2.418	937.007
2.419	936.872
2.42	936.737
2.421	936.603
2.422	936.469
2.423	936.335
2.424	936.201
2.425	936.068
2.426	935.935
2.427	935.802
2.428	935.669
2.429	935.537
2.43	935.405
2.431	935.273
2.432	935.141
2.433	935.01
2.434	934.879
2.435	934.748
2.436	934.617
2.437	934.487
2.438	934.357
2.439	934.227
2.44	934.097
2.441	933.968
2.442	933.838
2.443	933.71
2.444	933.581
2.445	933.452
2.446	933.324
2.447	933.196
2.448	933.069
2.449	932.941
2.45	932.814
2.451	932.687
2.452	932.56
2.453	932.434
2.454	932.307
2.455	932.181
2.456	932.056
2.457	931.93
2.458	931.805
2.459	931.68
2.46	931.555
2.461	931.43
2.462	931.306
2.463	931.182
2.464	931.058
2.465	930.935
2.466	930.811
2.467	930.688
2.468	930.565
2.469	930.443
2.47	930.32
2.471	930.198
2.472	930.076
2.473	929.954
2.474	929.833
2.475	929.712
2.476	929.591
2.477	929.47
2.478	929.349
2.479	929.229
2.48	929.109
2.481	928.989
2.482	928.87
2.483	928.751
2.484	928.631
2.485	928.513
2.486	928.394
2.487	928.276
2.488	928.158
2.489	928.04
2.49	927.922
2.491	927.805
2.492	927.687
2.493	927.57
2.494	927.454
2.495	927.337
2.496	927.221
2.497	927.105
2.498	926.989
2.499	926.874
2.5	926.758
2.501	926.643
2.502	926.528
2.503	926.414
2.504	926.299
2.505	926.185
2.506	926.071
2.507	925.958
2.508	925.844
2.509	925.731
2.51	925.618
2.511	925.505
2.512	925.393
2.513	925.28
2.514	925.168
2.515	925.056
2.516	924.945
2.517	924.833
2.518	924.722
2.519	924.611
2.52	924.501
2.521	924.39
2.522	924.28
2.523	924.17
2.524	924.06
2.525	923.951
2.526	923.841
2.527	923.732
2.528	923.623
2.529	923.515
2.53	923.406
2.531	923.298
2.532	923.19
2.533	923.083
2.534	922.975
2.535	922.868
2.536	922.761
2.537	922.654
2.538	922.547
2.539	922.441
2.54	922.335
2.541	922.229
2.542	922.123
2.543	922.018
2.544	921.913
2.545	921.808
2.546	921.703
2.547	921.598
2.548	921.494
2.549	921.39
2.55	921.286
2.551	921.182
2.552	921.079
2.553	920.976
2.554	920.873
2.555	920.77
2.556	920.667
2.557	920.565
2.558	920.463
2.559	920.361
2.56	920.26
2.561	920.158
2.562	920.057
2.563	919.956
2.564	919.855
2.565	919.755
2.566	919.654
2.567	919.554
2.568	919.454
2.569	919.355
2.57	919.255
2.571	919.156
2.572	919.057
2.573	918.958
2.574	918.86
2.575	918.762
2.576	918.663
2.577	918.566
2.578	918.468
2.579	918.37
2.58	918.273
2.581	918.176
2.582	918.079
2.583	917.983
2.584	917.887
2.585	917.79
2.586	917.694
2.587	917.599
2.588	917.503
2.589	917.408
2.59	917.313
2.591	917.218
2.592	917.124
2.593	917.029
2.594	916.935
2.595	916.841
2.596	916.747
2.597	916.654
2.598	916.56
2.599	916.467
2.6	916.374
2.601	916.282
2.602	916.189
2.603	916.097
2.604	916.005
2.605	915.913
2.606	915.822
2.607	915.73
2.608	915.639
2.609	915.548
2.61	915.458
2.611	915.367
2.612	915.277
2.613	915.187
2.614	915.097
2.615	915.007
2.616	914.918
2.617	914.828
2.618	914.739
2.619	914.651
2.62	914.562
2.621	914.474
2.622	914.385
2.623	914.298
2.624	914.21
2.625	914.122
2.626	914.035
2.627	913.948
2.628	913.861
2.629	913.774
2.63	913.688
2.631	913.601
2.632	913.515
2.633	913.43
2.634	913.344
2.635	913.258
2.636	913.173
2.637	913.088
2.638	913.003
2.639	912.919
2.64	912.835
2.641	912.75
2.642	912.666
2.643	912.583
2.644	912.499
2.645	912.416
2.646	912.333
2.647	912.25
2.648	912.167
2.649	912.085
2.65	912.002
2.651	911.92
2.652	911.838
2.653	911.757
2.654	911.675
2.655	911.594
2.656	911.513
2.657	911.432
2.658	911.351
2.659	911.271
2.66	911.191
2.661	911.111
2.662	911.031
2.663	910.951
2.664	910.872
2.665	910.793
2.666	910.714
2.667	910.635
2.668	910.556
2.669	910.478
2.67	910.4
2.671	910.322
2.672	910.244
2.673	910.166
2.674	910.089
2.675	910.012
2.676	909.935
2.677	909.858
2.678	909.782
2.679	909.705
2.68	909.629
2.681	909.553
2.682	909.478
2.683	909.402
2.684	909.327
2.685	909.252
2.686	909.177
2.687	909.102
2.688	909.028
2.689	908.953
2.69	908.879
2.691	908.805
2.692	908.731
2.693	908.658
2.694	908.585
2.695	908.512
2.696	908.439
2.697	908.366
2.698	908.293
2.699	908.221
2.7	908.149
2.701	908.077
2.702	908.005
2.703	907.934
2.704	907.863
2.705	907.792
2.706	907.721
2.707	907.65
2.708	907.579
2.709	907.509
2.71	907.439
2.711	907.369
2.712	907.299
2.713	907.23
2.714	907.161
2.715	907.092
2.716	907.023
2.717	906.954
2.718	906.885
2.719	906.817
2.72	906.749
2.721	906.681
2.722	906.613
2.723	906.546
2.724	906.478
2.725	906.411
2.726	906.344
2.727	906.278
2.728	906.211
2.729	906.145
2.73	906.078
2.731	906.012
2.732	905.947
2.733	905.881
2.734	905.816
2.735	905.751
2.736	905.686
2.737	905.621
2.738	905.556
2.739	905.492
2.74	905.428
2.741	905.364
2.742	905.3
2.743	905.236
2.744	905.173
2.745	905.109
2.746	905.046
2.747	904.983
2.748	904.921
2.749	904.858
2.75	904.796
2.751	904.734
2.752	904.672
2.753	904.61
2.754	904.549
2.755	904.488
2.756	904.426
2.757	904.365
2.758	904.305
2.759	904.244
2.76	904.184
2.761	904.124
2.762	904.064
2.763	904.004
2.764	903.944
2.765	903.885
2.766	903.826
2.767	903.767
2.768	903.708
2.769	903.649
2.77	903.591
2.771	903.533
2.772	903.474
2.773	903.417
2.774	903.359
2.775	903.301
2.776	903.244
2.777	903.187
2.778	903.13
2.779	903.073
2.78	903.017
2.781	902.96
2.782	902.904
2.783	902.848
2.784	902.792
2.785	902.737
2.786	902.681
2.787	902.626
2.788	902.571
2.789	902.516
2.79	902.462
2.791	902.407
2.792	902.353
2.793	902.299
2.794	902.245
2.795	902.191
2.796	902.137
2.797	902.084
2.798	902.031
2.799	901.978
2.8	901.925
2.801	901.872
2.802	901.82
2.803	901.768
2.804	901.716
2.805	901.664
2.806	901.612
2.807	901.561
2.808	901.509
2.809	901.458
2.81	901.407
2.811	901.356
2.812	901.306
2.813	901.255
2.814	901.205
2.815	901.155
2.816	901.105
2.817	901.056
2.818	901.006
2.819	900.957
2.82	900.908
2.821	900.859
2.822	900.81
2.823	900.762
2.824	900.713
2.825	900.665
2.826	900.617
2.827	900.569
2.828	900.521
2.829	900.474
2.83	900.427
2.831	900.38
2.832	900.333
2.833	900.286
2.834	900.239
2.835	900.193
2.836	900.147
2.837	900.101
2.838	900.055
2.839	900.009
2.84	899.964
2.841	899.919
2.842	899.873
2.843	899.829
2.844	899.784
2.845	899.739
2.846	899.695
2.847	899.651
2.848	899.607
2.849	899.563
2.85	899.519
2.851	899.476
2.852	899.432
2.853	899.389
2.854	899.346
2.855	899.303
2.856	899.261
2.857	899.218
2.858	899.176
2.859	899.134
2.86	899.092
2.861	899.051
2.862	899.009
2.863	898.968
2.864	898.927
2.865	898.886
2.866	898.845
2.867	898.804
2.868	898.764
2.869	898.723
2.87	898.683
2.871	898.643
2.872	898.604
2.873	898.564
2.874	898.525
2.875	898.485
2.876	898.446
2.877	898.407
2.878	898.369
2.879	898.33
2.88	898.292
2.881	898.254
2.882	898.216
2.883	898.178
2.884	898.14
2.885	898.103
2.886	898.066
2.887	898.028
2.888	897.992
2.889	897.955
2.89	897.918
2.891	897.882
2.892	897.846
2.893	897.809
2.894	897.774
2.895	897.738
2.896	897.702
2.897	897.667
2.898	897.632
2.899	897.597
2.9	897.562
2.901	897.527
2.902	897.493
2.903	897.458
2.904	897.424
2.905	897.39
2.906	897.356
2.907	897.323
2.908	897.289
2.909	897.256
2.91	897.223
2.911	897.19
2.912	897.157
2.913	897.125
2.914	897.092
2.915	897.06
2.916	897.028
2.917	896.996
2.918	896.964
2.919	896.933
2.92	896.901
2.921	896.87
2.922	896.839
2.923	896.808
2.924	896.777
2.925	896.747
2.926	896.716
2.927	896.686
2.928	896.656
2.929	896.626
2.93	896.597
2.931	896.567
2.932	896.538
2.933	896.509
2.934	896.48
2.935	896.451
2.936	896.422
2.937	896.394
2.938	896.365
2.939	896.337
2.94	896.309
2.941	896.281
2.942	896.254
2.943	896.226
2.944	896.199
2.945	896.172
2.946	896.145
2.947	896.118
2.948	896.091
2.949	896.065
2.95	896.038
2.951	896.012
2.952	895.986
2.953	895.96
2.954	895.935
2.955	895.909
2.956	895.884
2.957	895.859
2.958	895.834
2.959	895.809
2.96	895.784
2.961	895.76
2.962	895.735
2.963	895.711
2.964	895.687
2.965	895.663
2.966	895.64
2.967	895.616
2.968	895.593
2.969	895.57
2.97	895.547
2.971	895.524
2.972	895.501
2.973	895.479
2.974	895.457
2.975	895.434
2.976	895.412
2.977	895.391
2.978	895.369
2.979	895.347
2.98	895.326
2.981	895.305
2.982	895.284
2.983	895.263
2.984	895.242
2.985	895.222
2.986	895.201
2.987	895.181
2.988	895.161
2.989	895.141
2.99	895.122
2.991	895.102
2.992	895.083
2.993	895.063
2.994	895.044
2.995	895.025
2.996	895.007
2.997	894.988
2.998	894.97
2.999	894.952
3	894.933
3.001	894.916
3.002	894.898
3.003	894.88
3.004	894.863
3.005	894.845
3.006	894.828
3.007	894.811
3.008	894.795
3.009	894.778
3.01	894.762
3.011	894.745
3.012	894.729
3.013	894.713
3.014	894.697
3.015	894.682
3.016	894.666
3.017	894.651
3.018	894.636
3.019	894.621
3.02	894.606
3.021	894.591
3.022	894.576
3.023	894.562
3.024	894.548
3.025	894.534
3.026	894.52
3.027	894.506
3.028	894.493
3.029	894.479
3.03	894.466
3.031	894.453
3.032	894.44
3.033	894.427
3.034	894.414
3.035	894.402
3.036	894.39
3.037	894.377
3.038	894.365
3.039	894.354
3.04	894.342
3.041	894.33
3.042	894.319
3.043	894.308
3.044	894.297
3.045	894.286
3.046	894.275
3.047	894.265
3.048	894.254
3.049	894.244
3.05	894.234
3.051	894.224
3.052	894.214
3.053	894.204
3.054	894.195
3.055	894.186
3.056	894.176
3.057	894.167
3.058	894.158
3.059	894.15
3.06	894.141
3.061	894.133
3.062	894.125
3.063	894.117
3.064	894.109
3.065	894.101
3.066	894.093
3.067	894.086
3.068	894.078
3.069	894.071
3.07	894.064
3.071	894.057
3.072	894.051
3.073	894.044
3.074	894.038
3.075	894.032
3.076	894.026
3.077	894.02
3.078	894.014
3.079	894.008
3.08	894.003
3.081	893.998
3.082	893.992
3.083	893.987
3.084	893.983
3.085	893.978
3.086	893.973
3.087	893.969
3.088	893.965
3.089	893.961
3.09	893.957
3.091	893.953
3.092	893.949
3.093	893.946
3.094	893.943
3.095	893.939
3.096	893.936
3.097	893.934
3.098	893.931
3.099	893.928
3.1	893.926
3.101	893.924
3.102	893.922
3.103	893.92
3.104	893.918
3.105	893.916
3.106	893.915
3.107	893.913
3.108	893.912
3.109	893.911
3.11	893.91
3.111	893.91
3.112	893.909
3.113	893.908
3.114	893.908
3.115	893.908
3.116	893.908
3.117	893.908
3.118	893.909
3.119	893.909
3.12	893.91
3.121	893.91
3.122	893.911
3.123	893.912
3.124	893.914
3.125	893.915
3.126	893.917
3.127	893.918
3.128	893.92
3.129	893.922
3.13	893.924
3.131	893.926
3.132	893.929
3.133	893.931
3.134	893.934
3.135	893.937
3.136	893.94
3.137	893.943
3.138	893.946
3.139	893.95
3.14	893.953
3.141	893.957
3.142	893.961
3.143	893.965
3.144	893.969
3.145	893.974
3.146	893.978
3.147	893.983
3.148	893.987
3.149	893.992
3.15	893.997
3.151	894.003
3.152	894.008
3.153	894.013
3.154	894.019
3.155	894.025
3.156	894.031
3.157	894.037
3.158	894.043
3.159	894.05
3.16	894.056
3.161	894.063
3.162	894.07
3.163	894.077
3.164	894.084
3.165	894.091
3.166	894.098
3.167	894.106
3.168	894.114
3.169	894.122
3.17	894.13
3.171	894.138
3.172	894.146
3.173	894.154
3.174	894.163
3.175	894.172
3.176	894.181
3.177	894.19
3.178	894.199
3.179	894.208
3.18	894.217
3.181	894.227
3.182	894.237
3.183	894.247
3.184	894.257
3.185	894.267
3.186	894.277
3.187	894.287
3.188	894.298
3.189	894.309
3.19	894.32
3.191	894.331
3.192	894.342
3.193	894.353
3.194	894.365
3.195	894.376
3.196	894.388
3.197	894.4
3.198	894.412
3.199	894.424
3.2	894.436
3.201	894.449
3.202	894.461
3.203	894.474
3.204	894.487
3.205	894.5
3.206	894.513
3.207	894.526
3.208	894.54
3.209	894.553
3.21	894.567
3.211	894.581
3.212	894.595
3.213	894.609
3.214	894.623
3.215	894.638
3.216	894.652
3.217	894.667
3.218	894.682
3.219	894.697
3.22	894.712
3.221	894.727
3.222	894.743
3.223	894.758
3.224	894.774
3.225	894.79
3.226	894.806
3.227	894.822
3.228	894.838
3.229	894.855
3.23	894.871
3.231	894.888
3.232	894.905
3.233	894.922
3.234	894.939
3.235	894.956
3.236	894.973
3.237	894.991
3.238	895.009
3.239	895.026
3.24	895.044
3.241	895.062
3.242	895.081
3.243	895.099
3.244	895.117
3.245	895.136
3.246	895.155
3.247	895.174
3.248	895.193
3.249	895.212
3.25	895.231
3.251	895.251
3.252	895.27
3.253	895.29
3.254	895.31
3.255	895.33
3.256	895.35
3.257	895.37
3.258	895.391
3.259	895.411
3.26	895.432
3.261	895.453
3.262	895.474
3.263	895.495
3.264	895.516
3.265	895.537
3.266	895.559
3.267	895.581
3.268	895.602
3.269	895.624
3.27	895.646
3.271	895.669
3.272	895.691
3.273	895.713
3.274	895.736
3.275	895.759
3.276	895.782
3.277	895.805
3.278	895.828
3.279	895.851
3.28	895.874
3.281	895.898
3.282	895.922
3.283	895.946
3.284	895.969
3.285	895.994
3.286	896.018
3.287	896.042
3.288	896.067
3.289	896.091
3.29	896.116
3.291	896.141
3.292	896.166
3.293	896.191
3.294	896.217
3.295	896.242
3.296	896.268
3.297	896.293
3.298	896.319
3.299	896.345
3.3	896.371
3.301	896.397
3.302	896.424
3.303	896.45
3.304	896.477
3.305	896.504
3.306	896.531
3.307	896.558
3.308	896.585
3.309	896.612
3.31	896.64
3.311	896.667
3.312	896.695
3.313	896.723
3.314	896.751
3.315	896.779
3.316	896.807
3.317	896.836
3.318	896.864
3.319	896.893
3.32	896.922
3.321	896.95
3.322	896.979
3.323	897.009
3.324	897.038
3.325	897.067
3.326	897.097
3.327	897.127
3.328	897.156
3.329	897.186
3.33	897.217
3.331	897.247
3.332	897.277
3.333	897.308
3.334	897.338
3.335	897.369
3.336	897.4
3.337	897.431
3.338	897.462
3.339	897.493
3.34	897.525
3.341	897.556
3.342	897.588
3.343	897.62
3.344	897.652
3.345	897.684
3.346	897.716
3.347	897.748
3.348	897.781
3.349	897.813
3.35	897.846
3.351	897.879
3.352	897.912
3.353	897.945
3.354	897.978
3.355	898.011
3.356	898.045
3.357	898.079
3.358	898.112
3.359	898.146
3.36	898.18
3.361	898.214
3.362	898.249
3.363	898.283
3.364	898.318
3.365	898.352
3.366	898.387
3.367	898.422
3.368	898.457
3.369	898.492
3.37	898.527
3.371	898.563
3.372	898.598
3.373	898.634
3.374	898.67
3.375	898.706
3.376	898.742
3.377	898.778
3.378	898.814
3.379	898.851
3.38	898.887
3.381	898.924
3.382	898.961
3.383	898.998
3.384	899.035
3.385	899.072
3.386	899.11
3.387	899.147
3.388	899.185
3.389	899.222
3.39	899.26
3.391	899.298
3.392	899.336
3.393	899.374
3.394	899.413
3.395	899.451
3.396	899.49
3.397	899.529
3.398	899.567
3.399	899.606
3.4	899.646
3.401	899.685
3.402	899.724
3.403	899.764
3.404	899.803
3.405	899.843
3.406	899.883
3.407	899.923
3.408	899.963
3.409	900.003
3.41	900.044
3.411	900.084
3.412	900.125
3.413	900.166
3.414	900.206
3.415	900.247
3.416	900.289
3.417	900.33
3.418	900.371
3.419	900.413
3.42	900.454
3.421	900.496
3.422	900.538
3.423	900.58
3.424	900.622
3.425	900.664
3.426	900.707
3.427	900.749
3.428	900.792
3.429	900.834
3.43	900.877
3.431	900.92
3.432	900.963
3.433	901.007
3.434	901.05
3.435	901.093
3.436	901.137
3.437	901.181
3.438	901.225
3.439	901.269
3.44	901.313
3.441	901.357
3.442	901.401
3.443	901.446
3.444	901.49
3.445	901.535
3.446	901.58
3.447	901.625
3.448	901.67
3.449	901.715
3.45	901.761
3.451	901.806
3.452	901.852
3.453	901.897
3.454	901.943
3.455	901.989
3.456	902.035
3.457	902.081
3.458	902.128
3.459	902.174
3.46	902.221
3.461	902.267
3.462	902.314
3.463	902.361
3.464	902.408
3.465	902.455
3.466	902.502
3.467	902.55
3.468	902.597
3.469	902.645
3.47	902.693
3.471	902.741
3.472	902.789
3.473	902.837
3.474	902.885
3.475	902.933
3.476	902.982
3.477	903.031
3.478	903.079
3.479	903.128
3.48	903.177
3.481	903.226
3.482	903.275
3.483	903.325
3.484	903.374
3.485	903.424
3.486	903.473
3.487	903.523
3.488	903.573
3.489	903.623
3.49	903.673
3.491	903.724
3.492	903.774
3.493	903.825
3.494	903.875
3.495	903.926
3.496	903.977
3.497	904.028
3.498	904.079
3.499	904.13
3.5	904.182
3.501	904.233
3.502	904.285
3.503	904.337
3.504	904.388
3.505	904.44
3.506	904.492
3.507	904.545
3.508	904.597
3.509	904.649
3.51	904.702
3.511	904.755
3.512	904.807
3.513	904.86
3.514	904.913
3.515	904.967
3.516	905.02
3.517	905.073
3.518	905.127
3.519	905.18
3.52	905.234
3.521	905.288
3.522	905.342
3.523	905.396
3.524	905.45
3.525	905.504
3.526	905.559
3.527	905.613
3.528	905.668
3.529	905.723
3.53	905.778
3.531	905.833
3.532	905.888
3.533	905.943
3.534	905.999
3.535	906.054
3.536	906.11
3.537	906.166
3.538	906.221
3.539	906.277
3.54	906.333
3.541	906.39
3.542	906.446
3.543	906.502
3.544	906.559
3.545	906.616
3.546	906.672
3.547	906.729
3.548	906.786
3.549	906.843
3.55	906.901
3.551	906.958
3.552	907.015
3.553	907.073
3.554	907.131
3.555	907.188
3.556	907.246
3.557	907.304
3.558	907.363
3.559	907.421
3.56	907.479
3.561	907.538
3.562	907.596
3.563	907.655
3.564	907.714
3.565	907.773
3.566	907.832
3.567	907.891
3.568	907.951
3.569	908.01
3.57	908.07
3.571	908.129
3.572	908.189
3.573	908.249
3.574	908.309
3.575	908.369
3.576	908.429
3.577	908.49
3.578	908.55
3.579	908.611
3.58	908.671
3.581	908.732
3.582	908.793
3.583	908.854
3.584	908.915
3.585	908.976
3.586	909.038
3.587	909.099
3.588	909.161
3.589	909.222
3.59	909.284
3.591	909.346
3.592	909.408
3.593	909.47
3.594	909.533
3.595	909.595
3.596	909.658
3.597	909.72
3.598	909.783
3.599	909.846
3.6	909.909
3.601	909.972
3.602	910.035
3.603	910.098
3.604	910.162
3.605	910.225
3.606	910.289
3.607	910.352
3.608	910.416
3.609	910.48
3.61	910.544
3.611	910.608
3.612	910.673
3.613	910.737
3.614	910.802
3.615	910.866
3.616	910.931
3.617	910.996
3.618	911.061
3.619	911.126
3.62	911.191
3.621	911.256
3.622	911.322
3.623	911.387
3.624	911.453
3.625	911.519
3.626	911.584
3.627	911.65
3.628	911.716
3.629	911.783
3.63	911.849
3.631	911.915
3.632	911.982
3.633	912.049
3.634	912.115
3.635	912.182
3.636	912.249
3.637	912.316
3.638	912.383
3.639	912.451
3.64	912.518
3.641	912.585
3.642	912.653
3.643	912.721
3.644	912.789
3.645	912.857
3.646	912.925
3.647	912.993
3.648	913.061
3.649	913.129
3.65	913.198
3.651	913.267
3.652	913.335
3.653	913.404
3.654	913.473
3.655	913.542
3.656	913.611
3.657	913.68
3.658	913.75
3.659	913.819
3.66	913.889
3.661	913.959
3.662	914.028
3.663	914.098
3.664	914.168
3.665	914.238
3.666	914.309
3.667	914.379
3.668	914.449
3.669	914.52
3.67	914.591
3.671	914.662
3.672	914.732
3.673	914.803
3.674	914.874
3.675	914.946
3.676	915.017
3.677	915.088
3.678	915.16
3.679	915.232
3.68	915.303
3.681	915.375
3.682	915.447
3.683	915.519
3.684	915.591
3.685	915.664
3.686	915.736
3.687	915.809
3.688	915.881
3.689	915.954
3.69	916.027
3.691	916.1
3.692	916.173
3.693	916.246
3.694	916.319
3.695	916.393
3.696	916.466
3.697	916.54
3.698	916.613
3.699	916.687
3.7	916.761
3.701	916.835
3.702	916.909
3.703	916.983
3.704	917.058
3.705	917.132
3.706	917.207
3.707	917.281
3.708	917.356
3.709	917.431
3.71	917.506
3.711	917.581
3.712	917.656
3.713	917.731
3.714	917.807
3.715	917.882
3.716	917.958
3.717	918.033
3.718	918.109
3.719	918.185
3.72	918.261
3.721	918.337
3.722	918.413
3.723	918.49
3.724	918.566
3.725	918.643
3.726	918.719
3.727	918.796
3.728	918.873
3.729	918.95
3.73	919.027
3.731	919.104
3.732	919.181
3.733	919.259
3.734	919.336
3.735	919.414
3.736	919.492
3.737	919.569
3.738	919.647
3.739	919.725
3.74	919.803
3.741	919.882
3.742	919.96
3.743	920.038
3.744	920.117
3.745	920.195
3.746	920.274
3.747	920.353
3.748	920.432
3.749	920.511
3.75	920.59
3.751	920.669
3.752	920.749
3.753	920.828
3.754	920.908
3.755	920.987
3.756	921.067
3.757	921.147
3.758	921.227
3.759	921.307
3.76	921.387
3.761	921.468
3.762	921.548
3.763	921.628
3.764	921.709
3.765	921.79
3.766	921.871
3.767	921.951
3.768	922.032
3.769	922.114
3.77	922.195
3.771	922.276
3.772	922.358
3.773	922.439
3.774	922.521
3.775	922.602
3.776	922.684
3.777	922.766
3.778	922.848
3.779	922.93
3.78	923.013
3.781	923.095
3.782	923.177
3.783	923.26
3.784	923.343
3.785	923.425
3.786	923.508
3.787	923.591
3.788	923.674
3.789	923.757
3.79	923.841
3.791	923.924
3.792	924.007
3.793	924.091
3.794	924.175
3.795	924.258
3.796	924.342
3.797	924.426
3.798	924.51
3.799	924.594
3.8	924.679
3.801	924.763
3.802	924.847
3.803	924.932
3.804	925.017
3.805	925.101
3.806	925.186
3.807	925.271
3.808	925.356
3.809	925.442
3.81	925.527
3.811	925.612
3.812	925.698
3.813	925.783
3.814	925.869
3.815	925.955
3.816	926.041
3.817	926.127
3.818	926.213
3.819	926.299
3.82	926.385
3.821	926.471
3.822	926.558
3.823	926.644
3.824	926.731
3.825	926.818
3.826	926.905
3.827	926.992
3.828	927.079
3.829	927.166
3.83	927.253
3.831	927.341
3.832	927.428
3.833	927.516
3.834	927.603
3.835	927.691
3.836	927.779
3.837	927.867
3.838	927.955
3.839	928.043
3.84	928.131
3.841	928.22
3.842	928.308
3.843	928.397
3.844	928.486
3.845	928.574
3.846	928.663
3.847	928.752
3.848	928.841
3.849	928.93
3.85	929.02
3.851	929.109
3.852	929.198
3.853	929.288
3.854	929.378
3.855	929.467
3.856	929.557
3.857	929.647
3.858	929.737
3.859	929.827
3.86	929.917
3.861	930.008
3.862	930.098
3.863	930.189
3.864	930.279
3.865	930.37
3.866	930.461
3.867	930.552
3.868	930.643
3.869	930.734
3.87	930.825
3.871	930.916
3.872	931.008
3.873	931.099
3.874	931.191
3.875	931.283
3.876	931.374
3.877	931.466
3.878	931.558
3.879	931.65
3.88	931.743
3.881	931.835
3.882	931.927
3.883	932.02
3.884	932.112
3.885	932.205
3.886	932.298
3.887	932.39
3.888	932.483
3.889	932.576
3.89	932.67
3.891	932.763
3.892	932.856
3.893	932.95
3.894	933.043
3.895	933.137
3.896	933.231
3.897	933.324
3.898	933.418
3.899	933.512
3.9	933.606
3.901	933.701
3.902	933.795
3.903	933.889
3.904	933.984
3.905	934.078
3.906	934.173
3.907	934.268
3.908	934.363
3.909	934.458
3.91	934.553
3.911	934.648
3.912	934.743
3.913	934.838
3.914	934.934
3.915	935.029
3.916	935.125
3.917	935.221
3.918	935.317
3.919	935.413
3.92	935.509
3.921	935.605
3.922	935.701
3.923	935.797
3.924	935.894
3.925	935.99
3.926	936.087
3.927	936.183
3.928	936.28
3.929	936.377
3.93	936.474
3.931	936.571
3.932	936.668
3.933	936.765
3.934	936.863
3.935	936.96
3.936	937.058
3.937	937.155
3.938	937.253
3.939	937.351
3.94	937.449
3.941	937.547
3.942	937.645
3.943	937.743
3.944	937.841
3.945	937.94
3.946	938.038
3.947	938.137
3.948	938.235
3.949	938.334
3.95	938.433
3.951	938.532
3.952	938.631
3.953	938.73
3.954	938.829
3.955	938.928
3.956	939.028
3.957	939.127
3.958	939.227
3.959	939.327
3.96	939.426
3.961	939.526
3.962	939.626
3.963	939.726
3.964	939.826
3.965	939.927
3.966	940.027
3.967	940.127
3.968	940.228
3.969	940.329
3.97	940.429
3.971	940.53
3.972	940.631
3.973	940.732
3.974	940.833
3.975	940.934
3.976	941.035
3.977	941.137
3.978	941.238
3.979	941.34
3.98	941.441
3.981	941.543
3.982	941.645
3.983	941.747
3.984	941.849
3.985	941.951
3.986	942.053
3.987	942.155
3.988	942.258
3.989	942.36
3.99	942.463
3.991	942.565
3.992	942.668
3.993	942.771
3.994	942.874
3.995	942.977
3.996	943.08
3.997	943.183
3.998	943.286
3.999	943.39
4	943.493
4.001	943.597
4.002	943.7
4.003	943.804
4.004	943.908
4.005	944.012
4.006	944.116
4.007	944.22
4.008	944.324
4.009	944.428
4.01	944.533
4.011	944.637
4.012	944.742
4.013	944.846
4.014	944.951
4.015	945.056
4.016	945.161
4.017	945.266
4.018	945.371
4.019	945.476
4.02	945.581
4.021	945.687
4.022	945.792
4.023	945.898
4.024	946.003
4.025	946.109
4.026	946.215
4.027	946.321
4.028	946.427
4.029	946.533
4.03	946.639
4.031	946.745
4.032	946.851
4.033	946.958
4.034	947.064
4.035	947.171
4.036	947.278
4.037	947.384
4.038	947.491
4.039	947.598
4.04	947.705
4.041	947.813
4.042	947.92
4.043	948.027
4.044	948.135
4.045	948.242
4.046	948.35
4.047	948.457
4.048	948.565
4.049	948.673
4.05	948.781
4.051	948.889
4.052	948.997
4.053	949.105
4.054	949.214
4.055	949.322
4.056	949.431
4.057	949.539
4.058	949.648
4.059	949.757
4.06	949.865
4.061	949.974
4.062	950.083
4.063	950.192
4.064	950.302
4.065	950.411
4.066	950.52
4.067	950.63
4.068	950.739
4.069	950.849
4.07	950.959
4.071	951.068
4.072	951.178
4.073	951.288
4.074	951.398
4.075	951.509
4.076	951.619
4.077	951.729
4.078	951.84
4.079	951.95
4.08	952.061
4.081	952.171
4.082	952.282
4.083	952.393
4.084	952.504
4.085	952.615
4.086	952.726
4.087	952.837
4.088	952.949
4.089	953.06
4.09	953.172
4.091	953.283
4.092	953.395
4.093	953.507
4.094	953.618
4.095	953.73
4.096	953.842
4.097	953.954
4.098	954.067
4.099	954.179
4.1	954.291
4.101	954.404
4.102	954.516
4.103	954.629
4.104	954.741
4.105	954.854
4.106	954.967
4.107	955.08
4.108	955.193
4.109	955.306
4.11	955.419
4.111	955.533
4.112	955.646
4.113	955.76
4.114	955.873
4.115	955.987
4.116	956.1
4.117	956.214
4.118	956.328
4.119	956.442
4.12	956.556
4.121	956.67
4.122	956.785
4.123	956.899
4.124	957.013
4.125	957.128
4.126	957.243
4.127	957.357
4.128	957.472
4.129	957.587
4.13	957.702
4.131	957.817
4.132	957.932
4.133	958.047
4.134	958.162
4.135	958.278
4.136	958.393
4.137	958.509
4.138	958.624
4.139	958.74
4.14	958.856
4.141	958.972
4.142	959.088
4.143	959.204
4.144	959.32
4.145	959.436
4.146	959.552
4.147	959.669
4.148	959.785
4.149	959.902
4.15	960.018
4.151	960.135
4.152	960.252
4.153	960.369
4.154	960.486
4.155	960.603
4.156	960.72
4.157	960.837
4.158	960.954
4.159	961.072
4.16	961.189
4.161	961.307
4.162	961.424
4.163	961.542
4.164	961.66
4.165	961.778
4.166	961.896
4.167	962.014
4.168	962.132
4.169	962.25
4.17	962.369
4.171	962.487
4.172	962.605
4.173	962.724
4.174	962.843
4.175	962.961
4.176	963.08
4.177	963.199
4.178	963.318
4.179	963.437
4.18	963.556
4.181	963.676
4.182	963.795
4.183	963.914
4.184	964.034
4.185	964.153
4.186	964.273
4.187	964.393
4.188	964.513
4.189	964.633
4.19	964.753
4.191	964.873
4.192	964.993
4.193	965.113
4.194	965.233
4.195	965.354
4.196	965.474
4.197	965.595
4.198	965.715
4.199	965.836
4.2	965.957
4.201	966.078
4.202	966.199
4.203	966.32
4.204	966.441
4.205	966.562
4.206	966.684
4.207	966.805
4.208	966.926
4.209	967.048
4.21	967.17
4.211	967.291
4.212	967.413
4.213	967.535
4.214	967.657
4.215	967.779
4.216	967.901
4.217	968.023
4.218	968.146
4.219	968.268
4.22	968.391
4.221	968.513
4.222	968.636
4.223	968.758
4.224	968.881
4.225	969.004
4.226	969.127
4.227	969.25
4.228	969.373
4.229	969.496
4.23	969.62
4.231	969.743
4.232	969.866
4.233	969.99
4.234	970.114
4.235	970.237
4.236	970.361
4.237	970.485
4.238	970.609
4.239	970.733
4.24	970.857
4.241	970.981
4.242	971.105
4.243	971.23
4.244	971.354
4.245	971.479
4.246	971.603
4.247	971.728
4.248	971.853
4.249	971.977
4.25	972.102
4.251	972.227
4.252	972.352
4.253	972.477
4.254	972.603
4.255	972.728
4.256	972.853
4.257	972.979
4.258	973.104
4.259	973.23
4.26	973.356
4.261	973.482
4.262	973.607
4.263	973.733
4.264	973.859
4.265	973.985
4.266	974.112
4.267	974.238
4.268	974.364
4.269	974.491
4.27	974.617
4.271	974.744
4.272	974.87
4.273	974.997
4.274	975.124
4.275	975.251
4.276	975.378
4.277	975.505
4.278	975.632
4.279	975.759
4.28	975.887
4.281	976.014
4.282	976.142
4.283	976.269
4.284	976.397
4.285	976.524
4.286	976.652
4.287	976.78
4.288	976.908
4.289	977.036
4.29	977.164
4.291	977.292
4.292	977.421
4.293	977.549
4.294	977.677
4.295	977.806
4.296	977.934
4.297	978.063
4.298	978.192
4.299	978.321
4.3	978.449
4.301	978.578
4.302	978.707
4.303	978.837
4.304	978.966
4.305	979.095
4.306	979.224
4.307	979.354
4.308	979.483
4.309	979.613
4.31	979.743
4.311	979.872
4.312	980.002
4.313	980.132
4.314	980.262
4.315	980.392
4.316	980.522
4.317	980.653
4.318	980.783
4.319	980.913
4.32	981.044
4.321	981.174
4.322	981.305
4.323	981.436
4.324	981.566
4.325	981.697
4.326	981.828
4.327	981.959
4.328	982.09
4.329	982.221
4.33	982.353
4.331	982.484
4.332	982.615
4.333	982.747
4.334	982.878
4.335	983.01
4.336	983.142
4.337	983.274
4.338	983.405
4.339	983.537
4.34	983.669
4.341	983.801
4.342	983.934
4.343	984.066
4.344	984.198
4.345	984.331
4.346	984.463
4.347	984.596
4.348	984.728
4.349	984.861
4.35	984.994
4.351	985.127
4.352	985.26
4.353	985.393
4.354	985.526
4.355	985.659
4.356	985.792
4.357	985.925
4.358	986.059
4.359	986.192
4.36	986.326
4.361	986.46
4.362	986.593
4.363	986.727
4.364	986.861
4.365	986.995
4.366	987.129
4.367	987.263
4.368	987.397
4.369	987.531
4.37	987.666
4.371	987.8
4.372	987.935
4.373	988.069
4.374	988.204
4.375	988.338
4.376	988.473
4.377	988.608
4.378	988.743
4.379	988.878
4.38	989.013
4.381	989.148
4.382	989.284
4.383	989.419
4.384	989.554
4.385	989.69
4.386	989.825
4.387	989.961
4.388	990.097
4.389	990.232
4.39	990.368
4.391	990.504
4.392	990.64
4.393	990.776
4.394	990.912
4.395	991.049
4.396	991.185
4.397	991.321
4.398	991.458
4.399	991.594
4.4	991.731
4.401	991.867
4.402	992.004
4.403	992.141
4.404	992.278
4.405	992.415
4.406	992.552
4.407	992.689
4.408	992.826
4.409	992.964
4.41	993.101
4.411	993.238
4.412	993.376
4.413	993.513
4.414	993.651
4.415	993.789
4.416	993.927
4.417	994.064
4.418	994.202
4.419	994.34
4.42	994.478
4.421	994.617
4.422	994.755
4.423	994.893
4.424	995.032
4.425	995.17
4.426	995.309
4.427	995.447
4.428	995.586
4.429	995.725
4.43	995.864
4.431	996.002
4.432	996.141
4.433	996.281
4.434	996.42
4.435	996.559
4.436	996.698
4.437	996.838
4.438	996.977
4.439	997.117
4.44	997.256
4.441	997.396
4.442	997.535
4.443	997.675
4.444	997.815
4.445	997.955
4.446	998.095
4.447	998.235
4.448	998.375
4.449	998.516
4.45	998.656
4.451	998.796
4.452	998.937
4.453	999.077
4.454	999.218
4.455	999.359
4.456	999.499
4.457	999.64
4.458	999.781
4.459	999.922
4.46	1000.06
4.461	1000.2
4.462	1000.35
4.463	1000.49
4.464	1000.63
4.465	1000.77
4.466	1000.91
4.467	1001.05
4.468	1001.19
4.469	1001.34
4.47	1001.48
4.471	1001.62
4.472	1001.76
4.473	1001.9
4.474	1002.05
4.475	1002.19
4.476	1002.33
4.477	1002.47
4.478	1002.61
4.479	1002.76
4.48	1002.9
4.481	1003.04
4.482	1003.19
4.483	1003.33
4.484	1003.47
4.485	1003.61
4.486	1003.76
4.487	1003.9
4.488	1004.04
4.489	1004.19
4.49	1004.33
4.491	1004.47
4.492	1004.62
4.493	1004.76
4.494	1004.9
4.495	1005.05
4.496	1005.19
4.497	1005.33
4.498	1005.48
4.499	1005.62
4.5	1005.77
4.501	1005.91
4.502	1006.05
4.503	1006.2
4.504	1006.34
4.505	1006.49
4.506	1006.63
4.507	1006.78
4.508	1006.92
4.509	1007.06
4.51	1007.21
4.511	1007.35
4.512	1007.5
4.513	1007.64
4.514	1007.79
4.515	1007.93
4.516	1008.08
4.517	1008.22
4.518	1008.37
4.519	1008.51
4.52	1008.66
4.521	1008.81
4.522	1008.95
4.523	1009.1
4.524	1009.24
4.525	1009.39
4.526	1009.53
4.527	1009.68
4.528	1009.83
4.529	1009.97
4.53	1010.12
4.531	1010.26
4.532	1010.41
4.533	1010.56
4.534	1010.7
4.535	1010.85
4.536	1011
4.537	1011.14
4.538	1011.29
4.539	1011.44
4.54	1011.58
4.541	1011.73
4.542	1011.88
4.543	1012.02
4.544	1012.17
4.545	1012.32
4.546	1012.46
4.547	1012.61
4.548	1012.76
4.549	1012.91
4.55	1013.05
4.551	1013.2
4.552	1013.35
4.553	1013.5
4.554	1013.65
4.555	1013.79
4.556	1013.94
4.557	1014.09
4.558	1014.24
4.559	1014.39
4.56	1014.53
4.561	1014.68
4.562	1014.83
4.563	1014.98
4.564	1015.13
4.565	1015.28
4.566	1015.42
4.567	1015.57
4.568	1015.72
4.569	1015.87
4.57	1016.02
4.571	1016.17
4.572	1016.32
4.573	1016.47
4.574	1016.62
4.575	1016.77
4.576	1016.91
4.577	1017.06
4.578	1017.21
4.579	1017.36
4.58	1017.51
4.581	1017.66
4.582	1017.81
4.583	1017.96
4.584	1018.11
4.585	1018.26
4.586	1018.41
4.587	1018.56
4.588	1018.71
4.589	1018.86
4.59	1019.01
4.591	1019.16
4.592	1019.31
4.593	1019.46
4.594	1019.62
4.595	1019.77
4.596	1019.92
4.597	1020.07
4.598	1020.22
4.599	1020.37
4.6	1020.52
4.601	1020.67
4.602	1020.82
4.603	1020.97
4.604	1021.12
4.605	1021.28
4.606	1021.43
4.607	1021.58
4.608	1021.73
4.609	1021.88
4.61	1022.03
4.611	1022.19
4.612	1022.34
4.613	1022.49
4.614	1022.64
4.615	1022.79
4.616	1022.95
4.617	1023.1
4.618	1023.25
4.619	1023.4
4.62	1023.55
4.621	1023.71
4.622	1023.86
4.623	1024.01
4.624	1024.16
4.625	1024.32
4.626	1024.47
4.627	1024.62
4.628	1024.78
4.629	1024.93
4.63	1025.08
4.631	1025.24
4.632	1025.39
4.633	1025.54
4.634	1025.7
4.635	1025.85
4.636	1026
4.637	1026.16
4.638	1026.31
4.639	1026.46
4.64	1026.62
4.641	1026.77
4.642	1026.92
4.643	1027.08
4.644	1027.23
4.645	1027.39
4.646	1027.54
4.647	1027.69
4.648	1027.85
4.649	1028
4.65	1028.16
4.651	1028.31
4.652	1028.47
4.653	1028.62
4.654	1028.78
4.655	1028.93
4.656	1029.09
4.657	1029.24
4.658	1029.4
4.659	1029.55
4.66	1029.71
4.661	1029.86
4.662	1030.02
4.663	1030.17
4.664	1030.33
4.665	1030.48
4.666	1030.64
4.667	1030.79
4.668	1030.95
4.669	1031.1
4.67	1031.26
4.671	1031.42
4.672	1031.57
4.673	1031.73
4.674	1031.88
4.675	1032.04
4.676	1032.2
4.677	1032.35
4.678	1032.51
4.679	1032.67
4.68	1032.82
4.681	1032.98
4.682	1033.13
4.683	1033.29
4.684	1033.45
4.685	1033.6
4.686	1033.76
4.687	1033.92
4.688	1034.08
4.689	1034.23
4.69	1034.39
4.691	1034.55
4.692	1034.7
4.693	1034.86
4.694	1035.02
4.695	1035.18
4.696	1035.33
4.697	1035.49
4.698	1035.65
4.699	1035.81
4.7	1035.96
4.701	1036.12
4.702	1036.28
4.703	1036.44
4.704	1036.6
4.705	1036.75
4.706	1036.91
4.707	1037.07
4.708	1037.23
4.709	1037.39
4.71	1037.55
4.711	1037.7
4.712	1037.86
4.713	1038.02
4.714	1038.18
4.715	1038.34
4.716	1038.5
4.717	1038.66
4.718	1038.81
4.719	1038.97
4.72	1039.13
4.721	1039.29
4.722	1039.45
4.723	1039.61
4.724	1039.77
4.725	1039.93
4.726	1040.09
4.727	1040.25
4.728	1040.41
4.729	1040.57
4.73	1040.73
4.731	1040.89
4.732	1041.05
4.733	1041.21
4.734	1041.37
4.735	1041.53
4.736	1041.69
4.737	1041.85
4.738	1042.01
4.739	1042.17
4.74	1042.33
4.741	1042.49
4.742	1042.65
4.743	1042.81
4.744	1042.97
4.745	1043.13
4.746	1043.29
4.747	1043.45
4.748	1043.61
4.749	1043.77
4.75	1043.94
4.751	1044.1
4.752	1044.26
4.753	1044.42
4.754	1044.58
4.755	1044.74
4.756	1044.9
4.757	1045.06
4.758	1045.23
4.759	1045.39
4.76	1045.55
4.761	1045.71
4.762	1045.87
4.763	1046.03
4.764	1046.2
4.765	1046.36
4.766	1046.52
4.767	1046.68
4.768	1046.84
4.769	1047.01
4.77	1047.17
4.771	1047.33
4.772	1047.49
4.773	1047.66
4.774	1047.82
4.775	1047.98
4.776	1048.14
4.777	1048.31
4.778	1048.47
4.779	1048.63
4.78	1048.8
4.781	1048.96
4.782	1049.12
4.783	1049.29
4.784	1049.45
4.785	1049.61
4.786	1049.77
4.787	1049.94
4.788	1050.1
4.789	1050.27
4.79	1050.43
4.791	1050.59
4.792	1050.76
4.793	1050.92
4.794	1051.08
4.795	1051.25
4.796	1051.41
4.797	1051.58
4.798	1051.74
4.799	1051.9
4.8	1052.07
4.801	1052.23
4.802	1052.4
4.803	1052.56
4.804	1052.73
4.805	1052.89
4.806	1053.05
4.807	1053.22
4.808	1053.38
4.809	1053.55
4.81	1053.71
4.811	1053.88
4.812	1054.04
4.813	1054.21
4.814	1054.37
4.815	1054.54
4.816	1054.7
4.817	1054.87
4.818	1055.03
4.819	1055.2
4.82	1055.37
4.821	1055.53
4.822	1055.7
4.823	1055.86
4.824	1056.03
4.825	1056.19
4.826	1056.36
4.827	1056.53
4.828	1056.69
4.829	1056.86
4.83	1057.02
4.831	1057.19
4.832	1057.36
4.833	1057.52
4.834	1057.69
4.835	1057.86
4.836	1058.02
4.837	1058.19
4.838	1058.36
4.839	1058.52
4.84	1058.69
4.841	1058.86
4.842	1059.02
4.843	1059.19
4.844	1059.36
4.845	1059.52
4.846	1059.69
4.847	1059.86
4.848	1060.02
4.849	1060.19
4.85	1060.36
4.851	1060.53
4.852	1060.69
4.853	1060.86
4.854	1061.03
4.855	1061.2
4.856	1061.36
4.857	1061.53
4.858	1061.7
4.859	1061.87
4.86	1062.04
4.861	1062.2
4.862	1062.37
4.863	1062.54
4.864	1062.71
4.865	1062.88
4.866	1063.05
4.867	1063.21
4.868	1063.38
4.869	1063.55
4.87	1063.72
4.871	1063.89
4.872	1064.06
4.873	1064.23
4.874	1064.39
4.875	1064.56
4.876	1064.73
4.877	1064.9
4.878	1065.07
4.879	1065.24
4.88	1065.41
4.881	1065.58
4.882	1065.75
4.883	1065.92
4.884	1066.09
4.885	1066.26
4.886	1066.42
4.887	1066.59
4.888	1066.76
4.889	1066.93
4.89	1067.1
4.891	1067.27
4.892	1067.44
4.893	1067.61
4.894	1067.78
4.895	1067.95
4.896	1068.12
4.897	1068.29
4.898	1068.46
4.899	1068.63
4.9	1068.81
4.901	1068.98
4.902	1069.15
4.903	1069.32
4.904	1069.49
4.905	1069.66
4.906	1069.83
4.907	1070
4.908	1070.17
4.909	1070.34
4.91	1070.51
4.911	1070.68
4.912	1070.85
4.913	1071.03
4.914	1071.2
4.915	1071.37
4.916	1071.54
4.917	1071.71
4.918	1071.88
4.919	1072.05
4.92	1072.23
4.921	1072.4
4.922	1072.57
4.923	1072.74
4.924	1072.91
4.925	1073.09
4.926	1073.26
4.927	1073.43
4.928	1073.6
4.929	1073.77
4.93	1073.95
4.931	1074.12
4.932	1074.29
4.933	1074.46
4.934	1074.64
4.935	1074.81
4.936	1074.98
4.937	1075.15
4.938	1075.33
4.939	1075.5
4.94	1075.67
4.941	1075.84
4.942	1076.02
4.943	1076.19
4.944	1076.36
4.945	1076.54
4.946	1076.71
4.947	1076.88
4.948	1077.06
4.949	1077.23
4.95	1077.4
4.951	1077.58
4.952	1077.75
4.953	1077.92
4.954	1078.1
4.955	1078.27
4.956	1078.44
4.957	1078.62
4.958	1078.79
4.959	1078.97
4.96	1079.14
4.961	1079.31
4.962	1079.49
4.963	1079.66
4.964	1079.84
4.965	1080.01
4.966	1080.19
4.967	1080.36
4.968	1080.53
4.969	1080.71
4.97	1080.88
4.971	1081.06
4.972	1081.23
4.973	1081.41
4.974	1081.58
4.975	1081.76
4.976	1081.93
4.977	1082.11
4.978	1082.28
4.979	1082.46
4.98	1082.63
4.981	1082.81
4.982	1082.98
4.983	1083.16
4.984	1083.33
4.985	1083.51
4.986	1083.69
4.987	1083.86
4.988	1084.04
4.989	1084.21
4.99	1084.39
4.991	1084.56
4.992	1084.74
4.993	1084.92
4.994	1085.09
4.995	1085.27
4.996	1085.44
4.997	1085.62
4.998	1085.8
4.999	1085.97
5	1086.15
5.001	1086.33
5.002	1086.5
5.003	1086.68
5.004	1086.86
5.005	1087.03
5.006	1087.21
5.007	1087.39
5.008	1087.56
5.009	1087.74
5.01	1087.92
5.011	1088.09
5.012	1088.27
5.013	1088.45
5.014	1088.62
5.015	1088.8
5.016	1088.98
5.017	1089.16
5.018	1089.33
5.019	1089.51
5.02	1089.69
5.021	1089.87
5.022	1090.04
5.023	1090.22
5.024	1090.4
5.025	1090.58
5.026	1090.76
5.027	1090.93
5.028	1091.11
5.029	1091.29
5.03	1091.47
5.031	1091.65
5.032	1091.82
5.033	1092
5.034	1092.18
5.035	1092.36
5.036	1092.54
5.037	1092.72
5.038	1092.89
5.039	1093.07
5.04	1093.25
5.041	1093.43
5.042	1093.61
5.043	1093.79
5.044	1093.97
5.045	1094.15
5.046	1094.33
5.047	1094.5
5.048	1094.68
5.049	1094.86
5.05	1095.04
5.051	1095.22
5.052	1095.4
5.053	1095.58
5.054	1095.76
5.055	1095.94
5.056	1096.12
5.057	1096.3
5.058	1096.48
5.059	1096.66
5.06	1096.84
5.061	1097.02
5.062	1097.2
5.063	1097.38
5.064	1097.56
5.065	1097.74
5.066	1097.92
5.067	1098.1
5.068	1098.28
5.069	1098.46
5.07	1098.64
5.071	1098.82
5.072	1099
5.073	1099.18
5.074	1099.36
5.075	1099.54
5.076	1099.72
5.077	1099.9
5.078	1100.08
5.079	1100.27
5.08	1100.45
5.081	1100.63
5.082	1100.81
5.083	1100.99
5.084	1101.17
5.085	1101.35
5.086	1101.53
5.087	1101.71
5.088	1101.9
5.089	1102.08
5.09	1102.26
5.091	1102.44
5.092	1102.62
5.093	1102.8
5.094	1102.99
5.095	1103.17
5.096	1103.35
5.097	1103.53
5.098	1103.71
5.099	1103.9
5.1	1104.08
5.101	1104.26
5.102	1104.44
5.103	1104.62
5.104	1104.81
5.105	1104.99
5.106	1105.17
5.107	1105.35
5.108	1105.54
5.109	1105.72
5.11	1105.9
5.111	1106.08
5.112	1106.27
5.113	1106.45
5.114	1106.63
5.115	1106.82
5.116	1107
5.117	1107.18
5.118	1107.36
5.119	1107.55
5.12	1107.73
5.121	1107.91
5.122	1108.1
5.123	1108.28
5.124	1108.46
5.125	1108.65
5.126	1108.83
5.127	1109.02
5.128	1109.2
5.129	1109.38
5.13	1109.57
5.131	1109.75
5.132	1109.93
5.133	1110.12
5.134	1110.3
5.135	1110.49
5.136	1110.67
5.137	1110.85
5.138	1111.04
5.139	1111.22
5.14	1111.41
5.141	1111.59
5.142	1111.78
5.143	1111.96
5.144	1112.14
5.145	1112.33
5.146	1112.51
5.147	1112.7
5.148	1112.88
5.149	1113.07
5.15	1113.25
5.151	1113.44
5.152	1113.62
5.153	1113.81
5.154	1113.99
5.155	1114.18
5.156	1114.36
5.157	1114.55
5.158	1114.73
5.159	1114.92
5.16	1115.1
5.161	1115.29
5.162	1115.48
5.163	1115.66
5.164	1115.85
5.165	1116.03
5.166	1116.22
5.167	1116.4
5.168	1116.59
5.169	1116.78
5.17	1116.96
5.171	1117.15
5.172	1117.33
5.173	1117.52
5.174	1117.71
5.175	1117.89
5.176	1118.08
5.177	1118.27
5.178	1118.45
5.179	1118.64
5.18	1118.82
5.181	1119.01
5.182	1119.2
5.183	1119.38
5.184	1119.57
5.185	1119.76
5.186	1119.94
5.187	1120.13
5.188	1120.32
5.189	1120.51
5.19	1120.69
5.191	1120.88
5.192	1121.07
5.193	1121.25
5.194	1121.44
5.195	1121.63
5.196	1121.82
5.197	1122
5.198	1122.19
5.199	1122.38
5.2	1122.57
5.201	1122.75
5.202	1122.94
5.203	1123.13
5.204	1123.32
5.205	1123.5
5.206	1123.69
5.207	1123.88
5.208	1124.07
5.209	1124.26
5.21	1124.44
5.211	1124.63
5.212	1124.82
5.213	1125.01
5.214	1125.2
5.215	1125.39
5.216	1125.57
5.217	1125.76
5.218	1125.95
5.219	1126.14
5.22	1126.33
5.221	1126.52
5.222	1126.71
5.223	1126.9
5.224	1127.08
5.225	1127.27
5.226	1127.46
5.227	1127.65
5.228	1127.84
5.229	1128.03
5.23	1128.22
5.231	1128.41
5.232	1128.6
5.233	1128.79
5.234	1128.98
5.235	1129.17
5.236	1129.35
5.237	1129.54
5.238	1129.73
5.239	1129.92
5.24	1130.11
5.241	1130.3
5.242	1130.49
5.243	1130.68
5.244	1130.87
5.245	1131.06
5.246	1131.25
5.247	1131.44
5.248	1131.63
5.249	1131.82
5.25	1132.01
5.251	1132.2
5.252	1132.39
5.253	1132.58
5.254	1132.78
5.255	1132.97
5.256	1133.16
5.257	1133.35
5.258	1133.54
5.259	1133.73
5.26	1133.92
5.261	1134.11
5.262	1134.3
5.263	1134.49
5.264	1134.68
5.265	1134.87
5.266	1135.06
5.267	1135.26
5.268	1135.45
5.269	1135.64
5.27	1135.83
5.271	1136.02
5.272	1136.21
5.273	1136.4
5.274	1136.6
5.275	1136.79
5.276	1136.98
5.277	1137.17
5.278	1137.36
5.279	1137.55
5.28	1137.75
5.281	1137.94
5.282	1138.13
5.283	1138.32
5.284	1138.51
5.285	1138.71
5.286	1138.9
5.287	1139.09
5.288	1139.28
5.289	1139.47
5.29	1139.67
5.291	1139.86
5.292	1140.05
5.293	1140.24
5.294	1140.44
5.295	1140.63
5.296	1140.82
5.297	1141.02
5.298	1141.21
5.299	1141.4
5.3	1141.59
5.301	1141.79
5.302	1141.98
5.303	1142.17
5.304	1142.37
5.305	1142.56
5.306	1142.75
5.307	1142.95
5.308	1143.14
5.309	1143.33
5.31	1143.53
5.311	1143.72
5.312	1143.91
5.313	1144.11
5.314	1144.3
5.315	1144.49
5.316	1144.69
5.317	1144.88
5.318	1145.07
5.319	1145.27
5.32	1145.46
5.321	1145.66
5.322	1145.85
5.323	1146.04
5.324	1146.24
5.325	1146.43
5.326	1146.63
5.327	1146.82
5.328	1147.02
5.329	1147.21
5.33	1147.4
5.331	1147.6
5.332	1147.79
5.333	1147.99
5.334	1148.18
5.335	1148.38
5.336	1148.57
5.337	1148.77
5.338	1148.96
5.339	1149.16
5.34	1149.35
5.341	1149.55
5.342	1149.74
5.343	1149.94
5.344	1150.13
5.345	1150.33
5.346	1150.52
5.347	1150.72
5.348	1150.91
5.349	1151.11
5.35	1151.3
5.351	1151.5
5.352	1151.69
5.353	1151.89
5.354	1152.09
5.355	1152.28
5.356	1152.48
5.357	1152.67
5.358	1152.87
5.359	1153.06
5.36	1153.26
5.361	1153.46
5.362	1153.65
5.363	1153.85
5.364	1154.05
5.365	1154.24
5.366	1154.44
5.367	1154.63
5.368	1154.83
5.369	1155.03
5.37	1155.22
5.371	1155.42
5.372	1155.62
5.373	1155.81
5.374	1156.01
5.375	1156.21
5.376	1156.4
5.377	1156.6
5.378	1156.8
5.379	1156.99
5.38	1157.19
5.381	1157.39
5.382	1157.58
5.383	1157.78
5.384	1157.98
5.385	1158.18
5.386	1158.37
5.387	1158.57
5.388	1158.77
5.389	1158.97
5.39	1159.16
5.391	1159.36
5.392	1159.56
5.393	1159.76
5.394	1159.95
5.395	1160.15
5.396	1160.35
5.397	1160.55
5.398	1160.74
5.399	1160.94
5.4	1161.14
5.401	1161.34
5.402	1161.54
5.403	1161.73
5.404	1161.93
5.405	1162.13
5.406	1162.33
5.407	1162.53
5.408	1162.73
5.409	1162.92
5.41	1163.12
5.411	1163.32
5.412	1163.52
5.413	1163.72
5.414	1163.92
5.415	1164.12
5.416	1164.31
5.417	1164.51
5.418	1164.71
5.419	1164.91
5.42	1165.11
5.421	1165.31
5.422	1165.51
5.423	1165.71
5.424	1165.91
5.425	1166.11
5.426	1166.31
5.427	1166.5
5.428	1166.7
5.429	1166.9
5.43	1167.1
5.431	1167.3
5.432	1167.5
5.433	1167.7
5.434	1167.9
5.435	1168.1
5.436	1168.3
5.437	1168.5
5.438	1168.7
5.439	1168.9
5.44	1169.1
5.441	1169.3
5.442	1169.5
5.443	1169.7
5.444	1169.9
5.445	1170.1
5.446	1170.3
5.447	1170.5
5.448	1170.7
5.449	1170.9
5.45	1171.1
5.451	1171.3
5.452	1171.5
5.453	1171.7
5.454	1171.9
5.455	1172.11
5.456	1172.31
5.457	1172.51
5.458	1172.71
5.459	1172.91
5.46	1173.11
5.461	1173.31
5.462	1173.51
5.463	1173.71
5.464	1173.91
5.465	1174.12
5.466	1174.32
5.467	1174.52
5.468	1174.72
5.469	1174.92
5.47	1175.12
5.471	1175.32
5.472	1175.52
5.473	1175.73
5.474	1175.93
5.475	1176.13
5.476	1176.33
5.477	1176.53
5.478	1176.74
5.479	1176.94
5.48	1177.14
5.481	1177.34
5.482	1177.54
5.483	1177.74
5.484	1177.95
5.485	1178.15
5.486	1178.35
5.487	1178.55
5.488	1178.76
5.489	1178.96
5.49	1179.16
5.491	1179.36
5.492	1179.57
5.493	1179.77
5.494	1179.97
5.495	1180.17
5.496	1180.38
5.497	1180.58
5.498	1180.78
5.499	1180.98
5.5	1181.19
5.501	1181.39
5.502	1181.59
5.503	1181.8
5.504	1182
5.505	1182.2
5.506	1182.41
5.507	1182.61
5.508	1182.81
5.509	1183.02
5.51	1183.22
5.511	1183.42
5.512	1183.63
5.513	1183.83
5.514	1184.03
5.515	1184.24
5.516	1184.44
5.517	1184.64
5.518	1184.85
5.519	1185.05
5.52	1185.26
5.521	1185.46
5.522	1185.66
5.523	1185.87
5.524	1186.07
5.525	1186.28
5.526	1186.48
5.527	1186.68
5.528	1186.89
5.529	1187.09
5.53	1187.3
5.531	1187.5
5.532	1187.71
5.533	1187.91
5.534	1188.11
5.535	1188.32
5.536	1188.52
5.537	1188.73
5.538	1188.93
5.539	1189.14
5.54	1189.34
5.541	1189.55
5.542	1189.75
5.543	1189.96
5.544	1190.16
5.545	1190.37
5.546	1190.57
5.547	1190.78
5.548	1190.98
5.549	1191.19
5.55	1191.39
5.551	1191.6
5.552	1191.8
5.553	1192.01
5.554	1192.21
5.555	1192.42
5.556	1192.63
5.557	1192.83
5.558	1193.04
5.559	1193.24
5.56	1193.45
5.561	1193.65
5.562	1193.86
5.563	1194.07
5.564	1194.27
5.565	1194.48
5.566	1194.68
5.567	1194.89
5.568	1195.1
5.569	1195.3
5.57	1195.51
5.571	1195.71
5.572	1195.92
5.573	1196.13
5.574	1196.33
5.575	1196.54
5.576	1196.75
5.577	1196.95
5.578	1197.16
5.579	1197.37
5.58	1197.57
5.581	1197.78
5.582	1197.99
5.583	1198.19
5.584	1198.4
5.585	1198.61
5.586	1198.81
5.587	1199.02
5.588	1199.23
5.589	1199.44
5.59	1199.64
5.591	1199.85
5.592	1200.06
5.593	1200.26
5.594	1200.47
5.595	1200.68
5.596	1200.89
5.597	1201.09
5.598	1201.3
5.599	1201.51
5.6	1201.72
5.601	1201.92
5.602	1202.13
5.603	1202.34
5.604	1202.55
5.605	1202.76
5.606	1202.96
5.607	1203.17
5.608	1203.38
5.609	1203.59
5.61	1203.8
5.611	1204
5.612	1204.21
5.613	1204.42
5.614	1204.63
5.615	1204.84
5.616	1205.04
5.617	1205.25
5.618	1205.46
5.619	1205.67
5.62	1205.88
5.621	1206.09
5.622	1206.3
5.623	1206.5
5.624	1206.71
5.625	1206.92
5.626	1207.13
5.627	1207.34
5.628	1207.55
5.629	1207.76
5.63	1207.97
5.631	1208.18
5.632	1208.38
5.633	1208.59
5.634	1208.8
5.635	1209.01
5.636	1209.22
5.637	1209.43
5.638	1209.64
5.639	1209.85
5.64	1210.06
5.641	1210.27
5.642	1210.48
5.643	1210.69
5.644	1210.9
5.645	1211.11
5.646	1211.32
5.647	1211.53
5.648	1211.74
5.649	1211.95
5.65	1212.16
5.651	1212.37
5.652	1212.58
5.653	1212.79
5.654	1213
5.655	1213.21
5.656	1213.42
5.657	1213.63
5.658	1213.84
5.659	1214.05
5.66	1214.26
5.661	1214.47
5.662	1214.68
5.663	1214.89
5.664	1215.1
5.665	1215.31
5.666	1215.52
5.667	1215.73
5.668	1215.94
5.669	1216.15
5.67	1216.36
5.671	1216.58
5.672	1216.79
5.673	1217
5.674	1217.21
5.675	1217.42
5.676	1217.63
5.677	1217.84
5.678	1218.05
5.679	1218.26
5.68	1218.48
5.681	1218.69
5.682	1218.9
5.683	1219.11
5.684	1219.32
5.685	1219.53
5.686	1219.74
5.687	1219.96
5.688	1220.17
5.689	1220.38
5.69	1220.59
5.691	1220.8
5.692	1221.01
5.693	1221.23
5.694	1221.44
5.695	1221.65
5.696	1221.86
5.697	1222.07
5.698	1222.29
5.699	1222.5
5.7	1222.71
5.701	1222.92
5.702	1223.13
5.703	1223.35
5.704	1223.56
5.705	1223.77
5.706	1223.98
5.707	1224.2
5.708	1224.41
5.709	1224.62
5.71	1224.83
5.711	1225.05
5.712	1225.26
5.713	1225.47
5.714	1225.69
5.715	1225.9
5.716	1226.11
5.717	1226.32
5.718	1226.54
5.719	1226.75
5.72	1226.96
5.721	1227.18
5.722	1227.39
5.723	1227.6
5.724	1227.82
5.725	1228.03
5.726	1228.24
5.727	1228.46
5.728	1228.67
5.729	1228.88
5.73	1229.1
5.731	1229.31
5.732	1229.52
5.733	1229.74
5.734	1229.95
5.735	1230.17
5.736	1230.38
5.737	1230.59
5.738	1230.81
5.739	1231.02
5.74	1231.23
5.741	1231.45
5.742	1231.66
5.743	1231.88
5.744	1232.09
5.745	1232.31
5.746	1232.52
5.747	1232.73
5.748	1232.95
5.749	1233.16
5.75	1233.38
5.751	1233.59
5.752	1233.81
5.753	1234.02
5.754	1234.23
5.755	1234.45
5.756	1234.66
5.757	1234.88
5.758	1235.09
5.759	1235.31
5.76	1235.52
5.761	1235.74
5.762	1235.95
5.763	1236.17
5.764	1236.38
5.765	1236.6
5.766	1236.81
5.767	1237.03
5.768	1237.24
5.769	1237.46
5.77	1237.67
5.771	1237.89
5.772	1238.1
5.773	1238.32
5.774	1238.54
5.775	1238.75
5.776	1238.97
5.777	1239.18
5.778	1239.4
5.779	1239.61
5.78	1239.83
5.781	1240.05
5.782	1240.26
5.783	1240.48
5.784	1240.69
5.785	1240.91
5.786	1241.12
5.787	1241.34
5.788	1241.56
5.789	1241.77
5.79	1241.99
5.791	1242.21
5.792	1242.42
5.793	1242.64
5.794	1242.85
5.795	1243.07
5.796	1243.29
5.797	1243.5
5.798	1243.72
5.799	1243.94
5.8	1244.15
5.801	1244.37
5.802	1244.59
5.803	1244.8
5.804	1245.02
5.805	1245.24
5.806	1245.45
5.807	1245.67
5.808	1245.89
5.809	1246.1
5.81	1246.32
5.811	1246.54
5.812	1246.76
5.813	1246.97
5.814	1247.19
5.815	1247.41
5.816	1247.62
5.817	1247.84
5.818	1248.06
5.819	1248.28
5.82	1248.49
5.821	1248.71
5.822	1248.93
5.823	1249.15
5.824	1249.36
5.825	1249.58
5.826	1249.8
5.827	1250.02
5.828	1250.24
5.829	1250.45
5.83	1250.67
5.831	1250.89
5.832	1251.11
5.833	1251.33
5.834	1251.54
5.835	1251.76
5.836	1251.98
5.837	1252.2
5.838	1252.42
5.839	1252.63
5.84	1252.85
5.841	1253.07
5.842	1253.29
5.843	1253.51
5.844	1253.73
5.845	1253.94
5.846	1254.16
5.847	1254.38
5.848	1254.6
5.849	1254.82
5.85	1255.04
5.851	1255.26
5.852	1255.48
5.853	1255.69
5.854	1255.91
5.855	1256.13
5.856	1256.35
5.857	1256.57
5.858	1256.79
5.859	1257.01
5.86	1257.23
5.861	1257.45
5.862	1257.67
5.863	1257.89
5.864	1258.11
5.865	1258.32
5.866	1258.54
5.867	1258.76
5.868	1258.98
5.869	1259.2
5.87	1259.42
5.871	1259.64
5.872	1259.86
5.873	1260.08
5.874	1260.3
5.875	1260.52
5.876	1260.74
5.877	1260.96
5.878	1261.18
5.879	1261.4
5.88	1261.62
5.881	1261.84
5.882	1262.06
5.883	1262.28
5.884	1262.5
5.885	1262.72
5.886	1262.94
5.887	1263.16
5.888	1263.38
5.889	1263.6
5.89	1263.82
5.891	1264.04
5.892	1264.26
5.893	1264.48
5.894	1264.71
5.895	1264.93
5.896	1265.15
5.897	1265.37
5.898	1265.59
5.899	1265.81
5.9	1266.03
5.901	1266.25
5.902	1266.47
5.903	1266.69
5.904	1266.91
5.905	1267.13
5.906	1267.36
5.907	1267.58
5.908	1267.8
5.909	1268.02
5.91	1268.24
5.911	1268.46
5.912	1268.68
5.913	1268.9
5.914	1269.13
5.915	1269.35
5.916	1269.57
5.917	1269.79
5.918	1270.01
5.919	1270.23
5.92	1270.46
5.921	1270.68
5.922	1270.9
5.923	1271.12
5.924	1271.34
5.925	1271.56
5.926	1271.79
5.927	1272.01
5.928	1272.23
5.929	1272.45
5.93	1272.67
5.931	1272.9
5.932	1273.12
5.933	1273.34
5.934	1273.56
5.935	1273.79
5.936	1274.01
5.937	1274.23
5.938	1274.45
5.939	1274.68
5.94	1274.9
5.941	1275.12
5.942	1275.34
5.943	1275.57
5.944	1275.79
5.945	1276.01
5.946	1276.23
5.947	1276.46
5.948	1276.68
5.949	1276.9
5.95	1277.13
5.951	1277.35
5.952	1277.57
5.953	1277.79
5.954	1278.02
5.955	1278.24
5.956	1278.46
5.957	1278.69
5.958	1278.91
5.959	1279.13
5.96	1279.36
5.961	1279.58
5.962	1279.8
5.963	1280.03
5.964	1280.25
5.965	1280.47
5.966	1280.7
5.967	1280.92
5.968	1281.15
5.969	1281.37
5.97	1281.59
5.971	1281.82
5.972	1282.04
5.973	1282.26
5.974	1282.49
5.975	1282.71
5.976	1282.94
5.977	1283.16
5.978	1283.38
5.979	1283.61
5.98	1283.83
5.981	1284.06
5.982	1284.28
5.983	1284.51
5.984	1284.73
5.985	1284.95
5.986	1285.18
5.987	1285.4
5.988	1285.63
5.989	1285.85
5.99	1286.08
5.991	1286.3
5.992	1286.53
5.993	1286.75
5.994	1286.98
5.995	1287.2
5.996	1287.43
5.997	1287.65
5.998	1287.87
5.999	1288.1
